113.97090015908579,22.590306676657367,4.9,1545607308991
113.97090015908579,22.590306676657367,4.7,1545607311987
113.97088443508945,22.59032108816232,4.7,1545607314980
113.97088713160859,22.590322188198783,4.7,1545607317992
113.97089391210667,22.590318287080276,4.7,1545607321003
113.97089792461927,22.590307651055728,4.7,1545607323853
113.97089505292715,22.590222234296668,4.7,1545607327002
113.97092144124346,22.5902030505231,4.7,1545607329999
113.97097127386536,22.59019784052642,4.7,1545607333005
113.97102794819126,22.59020598775958,4.7,1545607336023
113.97105711042349,22.590207643729165,4.7,1545607339012
113.97066,22.589535,550.0,1545607342275
113.97115010413266,22.590207098235073,4.7,1545607343001
113.97118367100681,22.59020162073858,4.7,1545607345988
113.97122069611488,22.590199157521127,4.7,1545607348990
113.97126645211792,22.59019839898225,4.7,1545607351989
113.97129677572222,22.59019678772177,4.7,1545607354089
113.971217,22.589403,550.0,1545607357353
113.97138477703419,22.590198868286215,4.7,1545607358020
113.97140600145212,22.590219294386173,4.7,1545607360987
113.97141562889645,22.590251171045175,4.7,1545607363991
113.97144083235386,22.590269986210213,4.7,1545607366982
113.97146589970053,22.590273912227342,4.7,1545607369239
113.971217,22.589403,550.0,1545607372411
113.97155365042039,22.590302317742093,4.7,1545607373009
113.97157786690693,22.590320231344577,4.7,1545607376004
113.97159567896269,22.59034934481521,4.7,1545607378992
113.97161761155678,22.590380339150702,4.7,1545607381990
113.97163529998464,22.590402543479954,4.7,1545607384306
113.971217,22.589403,550.0,1545607387797
113.9717062424374,22.59046105767117,4.7,1545607387992
113.9717283218094,22.590481730192213,4.7,1545607390992
113.97175507007421,22.59050798046447,4.7,1545607393976
113.9717881403902,22.590535630258213,4.7,1545607396991
113.97181059257912,22.590556352797268,4.7,1545607399463
113.971217,22.589403,550.0,1545607402552
113.97187894384632,22.59062860930119,4.7,1545607403030
113.9718981334729,22.590650651619054,4.7,1545607405969
113.97192044862085,22.59067438523856,4.7,1545607408968
113.97194408663597,22.59070052758898,4.7,1545607411974
113.97195233010352,22.590710025080565,4.7,1545607413947
113.971217,22.589403,550.0,1545607417269
113.97201612409624,22.59077919866997,4.7,1545607417996
113.9720329500207,22.59080270911831,4.7,1545607420987
113.97205445450645,22.590825073552004,4.7,1545607424013
113.97207920680626,22.590849567673388,4.7,1545607426982
113.9720974232902,22.59086729804564,4.7,1545607429505
113.971217,22.589403,550.0,1545607432593
113.97216679826798,22.590923163724398,4.7,1545607433007
113.97219536479209,22.590935259291786,4.7,1545607436000
113.97223079666874,22.59095054508413,4.7,1545607438969
113.97227642366404,22.590966921505846,4.7,1545607441967
113.97231101348869,22.590975327341113,4.7,1545607443993
113.97231101348869,22.590975327341113,4.7,1545607447294
113.97241349819281,22.590977603874883,4.7,1545607447994
113.97244588044857,22.59096614465298,4.7,1545607450981
113.97248359992001,22.59095733766537,4.7,1545607453992
113.9725214922995,22.59093998911595,4.7,1545607457023
113.9725468484485,22.59093446542397,4.7,1545607459531
113.971006,22.589641,550.0,1545607462626
113.9726328352205,22.590929674725107,4.7,1545607462972
113.97266289495735,22.59093750299766,4.7,1545607465970
113.97269502783405,22.59094212830355,4.7,1545607468969
113.97272786436788,22.590949721834207,5.459793,1545607472000
113.97274905064941,22.590955456781135,5.833009,1545607474024
113.971006,22.589641,550.0,1545607477245
113.97281602479258,22.590974998888594,8.964961,1545607477990
113.97283629349478,22.59098557008129,6.464737,1545607480990
113.97286811011261,22.590994540235094,6.165687,1545607483988
113.97290617342782,22.59099796404768,8.41231,1545607486994
113.9729387766897,22.59100602720111,6.749913,1545607489542
113.97103,22.589638,550.0,1545607492763
113.9730862140899,22.59106616304128,5.605229,1545607493004
113.97311435253317,22.5910800423721,6.486066,1545607495973
113.97314428188987,22.591114167898507,5.707402,1545607498965
113.97318372258701,22.59113905421857,5.361203,1545607501968
113.97320526565736,22.591158530031922,5.181931,1545607504019
113.97103,22.589638,550.0,1545607507110
113.97324123329527,22.5912381490456,4.7,1545607507990
113.97324521167873,22.59127446393832,5.064174,1545607511014
113.97325119137301,22.591313070359224,5.831533,1545607513987
113.97325677536107,22.591353763002903,4.7,1545607516981
113.97326232457006,22.5913820840338,4.7,1545607519542
113.97103,22.589638,550.0,1545607522712
113.9732579115693,22.59147332671704,4.7,1545607522972
113.97326753530656,22.591501953467965,4.7,1545607525972
113.97328592259336,22.59153475470715,4.7,1545607528966
113.97331110930365,22.591571136224136,4.7,1545607531966
113.9733355625143,22.591590322711625,4.7,1545607534016
113.97103,22.589638,550.0,1545607537094
113.97339731997,22.591630475670325,4.7,1545607537999
113.97343317152783,22.591639766905786,4.7,1545607540983
113.97347756788483,22.591646791329968,4.7,1545607543992
113.97352288667018,22.5916440790231,4.7,1545607547002
113.97355206861934,22.59164033423262,4.7,1545607549513
113.974542,22.590577,550.0,1545607552712
113.97365435294935,22.591636354646305,4.7,1545607553006
113.97368676524567,22.591640710449806,4.7,1545607555968
113.97371806628179,22.591645882455257,4.7,1545607558966
113.97376000546906,22.591646995990498,4.7,1545607561966
113.97378926712967,22.59164958536214,4.7,1545607564013
113.974542,22.590577,550.0,1545607567110
113.9738842554825,22.591658649749256,4.7,1545607568006
113.9739167078106,22.5916586773057,4.7,1545607570997
113.97395365567536,22.591659371827202,4.7,1545607574000
113.97399630270814,22.59166215467734,4.7,1545607576982
113.97402335991083,22.591664922421305,4.7,1545607579528
113.974542,22.590577,550.0,1545607582738
113.97410972804735,22.59166352728692,4.7,1545607583000
113.97414010912709,22.591662423408717,4.7,1545607585970
113.97417152378218,22.59166775607971,4.7,1545607588969
113.9742067077793,22.591679219496996,4.7,1545607591969
113.97422981400001,22.591685887413224,4.7,1545607594005
113.974542,22.590577,550.0,1545607597095
113.97431600459102,22.591708430198537,4.7,1545607597990
113.97434400936518,22.591717173398585,4.7,1545607600988
113.97438472014828,22.591727310433207,4.7,1545607603985
113.97443446017218,22.591738564564913,4.7,1545607606977
113.9744652910191,22.591747240325336,4.7,1545607609547
113.974546,22.590577,550.0,1545607612848
113.9745488018928,22.591777612461605,4.7,1545607613003
113.97457923722148,22.59179032875748,4.7,1545607615971
113.97461584765865,22.591802519395884,4.7,1545607619001
113.97465334454067,22.591806439396013,5.191606,1545607621967
113.9746744710463,22.59179960163357,4.7,1545607624039
113.974546,22.590577,550.0,1545607627182
113.97468641319735,22.591743074348717,4.7,1545607627991
113.97465211131511,22.591725911162527,4.7,1545607630999
113.97461464561427,22.59170649333078,4.7,1545607633993
113.97458179437017,22.591680508961968,4.7,1545607636997
113.97457141295213,22.591656389444207,4.7,1545607639539
113.974546,22.590577,550.0,1545607642631
113.97456341903505,22.591569852554656,4.7,1545607642969
113.97457582412086,22.591548050767056,4.7,1545607645999
113.97460144242179,22.591528954372325,4.7,1545607648966
113.97462971354948,22.59151291441088,4.7,1545607651971
113.97465310872721,22.59150370536844,4.7,1545607654027
113.974864,22.59142,550.0,1545607657322
113.97474652622037,22.591484180031273,4.7,1545607658010
113.97477368100388,22.591484347200655,4.7,1545607661023
113.97480610706097,22.591485108471723,4.7,1545607663990
113.97484271800909,22.591485031791397,4.7,1545607666989
113.97486983890887,22.59148733419596,5.024521,1545607669542
113.974864,22.59142,550.0,1545607672620
113.97495331197962,22.591490033611855,7.021881,1545607673001
113.97497140175052,22.591493368173307,8.90162,1545607675998
113.97500135868775,22.591493886991685,8.428544,1545607678999
113.97504433317653,22.591507370102835,14.23778,1545607681968
113.97506961610885,22.591523995506773,9.704651,1545607684018
113.974864,22.59142,550.0,1545607687187
113.97518416001344,22.591561425454966,6.780299,1545607687992
113.97522816155539,22.591551447596206,6.207932,1545607690993
113.97528783532296,22.591552441969252,4.7,1545607694019
113.97533697990917,22.591558431922337,4.7,1545607696998
113.97536242852887,22.59156013610148,4.7,1545607699544
113.974537,22.590577,550.0,1545607702620
113.97542640811237,22.591532853679603,4.7,1545607702970
113.97545734746723,22.591532817375185,4.7,1545607705972
113.9754848919754,22.59154002490902,4.7,1545607708966
113.97551711140756,22.59154496168419,4.7,1545607711966
113.97554168413306,22.59154443435132,4.7,1545607714037
113.974537,22.590577,550.0,1545607717839
113.97563114725406,22.59154311062068,4.7,1545607717992
113.97566448899921,22.59154425004214,4.7,1545607721026
113.97570339082958,22.591547086594037,4.7,1545607723989
113.97575156351768,22.59154759073928,4.7,1545607727003
113.97578241371032,22.591543714954945,4.7,1545607729536
113.974537,22.590577,550.0,1545607732635
113.9758692221891,22.591534476622655,4.7,1545607732972
113.97588882735226,22.591532782015722,4.7,1545607735969
113.97591375505385,22.591531991813902,4.7,1545607738969
113.97595142713696,22.59152900456871,4.7,1545607741997
113.97597530662387,22.591528371607296,4.7,1545607744029
113.974537,22.590577,550.0,1545607747382
113.97605601578785,22.59152697423642,4.7,1545607748017
113.97609168078013,22.59152599496656,4.7,1545607750998
113.97609168078013,22.59152599496656,4.7,1545607753993
113.97616949467535,22.591520461512182,4.7,1545607757017
113.97619583964547,22.591520221350923,4.7,1545607759529
113.975708,22.590881,550.0,1545607762860
113.97629302101177,22.5915205389458,4.7,1545607762970
113.97633031663712,22.591517715032406,4.7,1545607765969
113.97637334360277,22.591512857341414,4.7,1545607768966
113.976415990508,22.591503088062066,4.7,1545607771973
113.97644298386456,22.591499743412978,4.7,1545607774047
113.975708,22.590881,550.0,1545607777107
113.97652080019648,22.591490163085492,4.7,1545607777984
113.97654734349543,22.591484224965974,4.7,1545607780984
113.9765753361522,22.59148164618825,4.7,1545607783986
113.97661081602834,22.591477824487374,4.7,1545607786990
113.9766323586272,22.591473872163466,4.7,1545607789499
113.975708,22.590881,550.0,1545607792678
113.97670730651437,22.591472013369174,4.7,1545607792981
113.97673474606016,22.591469178165465,4.7,1545607795965
113.97676542132368,22.59146032198272,4.7,1545607798971
113.9768075285827,22.5914527788946,4.7,1545607801967
113.97682141874526,22.591451149256034,4.7,1545607803961
113.975708,22.590881,550.0,1545607807053
113.97693052709951,22.591425504299472,4.7,1545607808023
113.97696266878637,22.59141806239559,4.7,1545607810986
113.97699816897224,22.591413143921443,4.7,1545607813997
113.97703556523999,22.591406687422456,4.7,1545607816995
113.97705883172002,22.591400952754203,5.070287,1545607819508
113.976735,22.590641,550.0,1545607822688
113.97714236033082,22.59138522022747,4.7,1545607822972
113.97718013957974,22.591379045921364,4.7,1545607825971
113.97721258021319,22.59137340022758,4.7,1545607829003
113.97724871199652,22.59136857867559,4.7,1545607831971
113.97727270431378,22.591365139369852,4.7,1545607833994
113.97727270431378,22.591365139369852,4.7,1545607837101
113.97733869410693,22.591352658001608,4.7,1545607837993
113.97736123825197,22.591348349702553,4.7,1545607840992
113.9773900199606,22.591341953104198,5.123336,1545607843996
113.97742876266909,22.591338000895902,4.7,1545607847020
113.97745633004072,22.591336515643803,4.7,1545607849506
113.976735,22.590641,550.0,1545607852709
113.97755704776421,22.5913136877346,4.7,1545607852972
113.97758380496191,22.591303867328904,4.7,1545607855970
113.9776189171941,22.591288128951614,4.7,1545607858999
113.97765105889637,22.591271874450126,4.7,1545607861998
113.9776688705145,22.591262546800316,4.7,1545607864007
113.976735,22.590641,550.0,1545607867091
113.97772883802382,22.591238780208013,4.7,1545607867989
113.9777597090369,22.591222963375245,4.7,1545607870982
113.97779153751212,22.591212957887777,4.7,1545607874027
113.97783608293786,22.59120162193142,4.7,1545607876993
113.97786659385383,22.591196633520156,4.7,1545607879532
113.971489,22.589646,550.0,1545607882846
113.97797497050169,22.591175155580448,4.7,1545607883002
113.97800514715517,22.591176762158522,4.7,1545607885998
113.97804647150679,22.59116221421498,4.7,1545607889000
113.97808857255353,22.591146637303744,4.7,1545607891966
113.97811722312791,22.591134493094952,4.7,1545607894024
113.971489,22.589646,550.0,1545607897375
113.9782049497876,22.591113791360847,4.7,1545607898024
113.97822388668895,22.591114395222448,4.7,1545607900987
113.97824143710348,22.591124978525322,4.7,1545607903993
113.97827415630663,22.59112206667607,4.7,1545607906990
113.97829886697191,22.591121944276008,4.7,1545607909557
113.971489,22.589646,550.0,1545607912652
113.97838246381401,22.59110065649995,6.18672,1545607912999
113.97841384171493,22.59109013814044,5.518733,1545607916000
113.97844756061917,22.591076005771562,5.859954,1545607918966
113.97847973762272,22.591052996111525,5.571786,1545607921967
113.97850265351164,22.59103694794445,5.153772,1545607924035
113.971489,22.589646,550.0,1545607927199
113.9785865613552,22.590996906081635,5.258717,1545607928030
113.97861445842936,22.59098212778704,4.7,1545607930999
113.9786486530354,22.590959140781496,4.7,1545607933984
113.9786897222796,22.590942090397952,4.7,1545607936991
113.97871527758463,22.590933779528854,4.7,1545607939565
113.976735,22.590641,550.0,1545607942655
113.97879713895848,22.590905646883318,4.7,1545607942972
113.97882886292669,22.59089521976154,4.7,1545607945970
113.97886266011253,22.59087748046255,4.7,1545607948966
113.9788987183128,22.59085896330815,4.7,1545607951988
113.9789222671412,22.590848421760832,4.7,1545607954067
113.976735,22.590641,550.0,1545607957240
113.97900881669615,22.590809033991068,4.7,1545607957991
113.97903734541245,22.590793756622563,4.7,1545607960989
113.97907162205792,22.59078010629239,4.7,1545607963984
113.97910919895317,22.590764034777354,4.7,1545607966985
113.97913287317958,22.590753641697344,4.7,1545607969571
113.976735,22.590641,550.0,1545607972658
113.9792241268974,22.59071869081522,4.7,1545607972974
113.97925661604772,22.590711283454702,4.7,1545607975969
113.97925661604772,22.590711283454702,5.482594,1545607978967
113.97934115042683,22.590701456345457,5.329561,1545607982001
113.97937297750227,22.59069968492584,4.7,1545607984070
113.977116,22.59061,550.0,1545607987394
113.9794748805935,22.59070056227867,4.7,1545607987998
113.97950505095261,22.59069706515952,4.7,1545607990993
113.97953918658749,22.590700075808044,4.7,1545607993988
113.97957856195801,22.59070251688805,4.7,1545607996978
113.97960610870413,22.59070252501045,4.7,1545607999601
113.977116,22.59061,550.0,1545608002692
113.97969904147148,22.590690973516683,4.7,1545608002973
113.97973156611258,22.590684878729082,4.7,1545608005970
113.97976885749284,22.590679025181316,4.7,1545608008966
113.97981220351937,22.590673460454532,4.7,1545608011991
113.9798428061289,22.590670994864002,4.7,1545608014082
113.977116,22.59061,550.0,1545608017395
113.97994037431296,22.590668490761466,4.7,1545608017987
113.97997728627516,22.5906673228917,4.7,1545608020987
113.98001054084408,22.59066281350295,4.7,1545608023991
113.98005019300184,22.590661143220718,4.7,1545608027000
113.98007661705262,22.590653354537313,4.7,1545608029608
113.978244,22.590489,550.0,1545608032800
113.98017552005092,22.590638948138878,4.7,1545608032999
113.98020365788594,22.59064600309302,4.7,1545608035969
113.98024174570128,22.590644734668878,4.7,1545608038997
113.98028175918884,22.590648648254863,4.7,1545608042017
113.98030850680968,22.590653258107636,4.7,1545608044089
113.978244,22.590489,550.0,1545608047173
113.98039246228028,22.590669399351878,4.7,1545608047985
113.98042289135512,22.590675309656177,4.7,1545608050982
113.98045227909881,22.590681266088918,4.7,1545608053989
113.98048763533761,22.59068696110587,4.7,1545608057001
113.98051231841038,22.590691644333152,4.7,1545608059626
113.978244,22.590489,550.0,1545608062945
113.98060629036337,22.590698286631852,4.7,1545608062969
113.98063939438597,22.590699936989992,4.7,1545608066002
113.9806737521395,22.590699300581147,4.7,1545608068996
113.98072206558449,22.590699582183014,4.7,1545608072010
113.98075608759719,22.590698263810435,4.7,1545608074101
113.977115,22.590612,550.0,1545608077174
113.98086440397736,22.59069465729881,4.7,1545608077999
113.9808948540671,22.590694766231945,4.7,1545608080983
113.9809296988841,22.59069021787343,4.7,1545608083988
113.98096834945869,22.590687266353594,4.7,1545608087010
113.9809970364499,22.59068459108617,4.7,1545608089622
113.977115,22.590612,550.0,1545608092827
113.98109425021906,22.59068255825971,4.7,1545608093000
113.98113341686592,22.59069301694396,4.7,1545608095970
113.98116436676771,22.590701974513443,4.7,1545608098966
113.98120405437638,22.59070754910896,4.7,1545608101982
113.98122985128806,22.590711153659758,4.7,1545608104144
113.977115,22.590612,550.0,1545608107228
113.98131150275871,22.590721097199225,4.7,1545608107993
113.98133838020406,22.59072497485907,4.7,1545608110991
113.98136530961895,22.59072599732868,4.7,1545608113981
113.98140426455598,22.590728713675478,4.7,1545608117016
113.98144376382726,22.590732517707988,4.7,1545608119970
113.98148198313709,22.59073504202906,4.7,1545608122998
113.98152206443262,22.590732459968308,4.7,1545608125968
113.98158427160553,22.590718255513007,4.7,1545608128979
113.98164382109333,22.590709431338333,4.7,1545608132020
113.98167715516648,22.590707982618632,4.7,1545608134182
113.982093,22.590499,550.0,1545608137367
113.98172001968832,22.59070029188605,4.7,1545608137992
113.98174021763853,22.590696402064776,4.7,1545608141026
113.9817587440988,22.590698167253475,4.7,1545608144027
113.98178701571025,22.59069742848654,6.352943,1545608146972
113.98179772816898,22.590696668454072,6.675962,1545608148674
113.982093,22.590435,550.0,1545608151873
113.98186147601199,22.590696447355644,9.96782,1545608151972
113.98188890725405,22.590704376343325,9.966091,1545608154966
113.98192240931513,22.590710615188062,8.968802,1545608157968
113.98196776876507,22.590720443803445,8.737931,1545608161013
113.98200263759962,22.590719513660662,6.828063,1545608163980
113.98200263759962,22.590719513660662,6.828063,1545608164214
113.982093,22.590435,550.0,1545608167520
113.9821451957291,22.59070669587142,4.7,1545608167997
113.98219513761973,22.590694251840986,4.7,1545608170986
113.98224609153107,22.590675664953476,4.7,1545608173973
113.98227521585997,22.59066597074601,4.7,1545608176986
113.9822863532427,22.590662501674974,4.9,1545608179363
113.982093,22.590435,550.0,1545608182663
113.98233359299556,22.59066635515732,4.7,1545608183010
113.98236196985907,22.590677656458542,4.7,1545608185990
113.98239557154659,22.590685397058277,4.7,1545608188971
113.9824345054766,22.59069239061282,4.7,1545608192000
113.9824593286641,22.59069397476205,4.7,1545608194593
113.982098,22.590592,550.0,1545608197654
113.98255440844108,22.5906934517503,4.7,1545608197970
113.9825903580759,22.590690981841185,4.7,1545608200971
113.9825903580759,22.590690981841185,4.7,1545608203999
113.98266583706614,22.59069297104249,4.7,1545608206996
113.9826931331074,22.59069531136758,4.7,1545608209027
113.982098,22.590592,550.0,1545608212204
113.98277892788386,22.590712038643126,4.7,1545608212997
113.98281047887869,22.590715737208455,4.7,1545608215985
113.98283999115925,22.590718937970816,4.7,1545608219012
113.98287340425021,22.59071846632222,4.7,1545608222027
113.98289621997426,22.590719386912383,4.7,1545608224497
113.982098,22.590592,550.0,1545608227580
113.9829734666809,22.590724709932516,4.7,1545608228014
113.9830024606801,22.590724852940518,4.7,1545608231000
113.98303759197027,22.59072655551458,4.7,1545608233972
113.9830786699959,22.590727598855455,4.7,1545608236966
113.98309281563812,22.59072641873718,4.7,1545608238924
113.98318414403491,22.590728542502152,4.7,1545608241992
113.98318414403491,22.590728542502152,4.7,1545608242158
113.98321929739792,22.590728524040596,4.7,1545608244996
113.983255272603,22.59072703774902,4.7,1545608247985
113.98329229609276,22.590722626092173,4.7,1545608250994
113.98333301020794,22.590719065022157,4.7,1545608253993
113.98333301020794,22.590719065022157,4.7,1545608254424
113.982098,22.590592,550.0,1545608257511
113.98343245243993,22.590714384346008,4.7,1545608258024
113.9834585873013,22.590718781999048,4.7,1545608260971
113.98349410500322,22.590724234408654,4.7,1545608264000
113.98353284378189,22.59072232807913,4.7,1545608267001
113.9835464694062,22.590722351744727,4.7,1545608268875
113.98363007394644,22.590729887964816,4.7,1545608271974
113.98363007394644,22.590729887964816,4.7,1545608272180
113.98365116513669,22.590733404278044,4.7,1545608274988
113.98368248197913,22.590734929394845,4.7,1545608277978
113.98372480521826,22.5907329313621,4.7,1545608280986
113.98377027782367,22.590731124332187,4.7,1545608283984
113.98377027782367,22.590731124332187,4.7,1545608284367
113.982098,22.590592,550.0,1545608287449
113.98386617665737,22.590727218426213,4.7,1545608287991
113.98390164394955,22.590722924748814,4.7,1545608291022
113.98393967574519,22.590727528475714,4.7,1545608294000
113.98397038649038,22.590731653340672,4.7,1545608296970
113.98397499327108,22.59073256955868,4.7,1545608298837
113.98404162278226,22.590737848800167,4.7,1545608301970
113.98404162278226,22.590737848800167,4.7,1545608302200
113.98407135110494,22.590738665516827,4.7,1545608305022
113.98410752070886,22.590743836120424,6.252922,1545608307983
113.9841497663118,22.590745633636885,4.7,1545608310987
113.98419676824105,22.590750897156674,4.7,1545608313994
113.98419676824105,22.590750897156674,4.7,1545608314305
113.983092,22.589765,550.0,1545608317599
113.984310448925,22.5907573638981,4.7,1545608318007
113.98434716539701,22.590752689001175,4.7,1545608320985
113.98439549214804,22.59075028451619,4.7,1545608323971
113.98444236540698,22.590745498632113,4.7,1545608326970
113.98445639202079,22.590742513283494,4.7,1545608328763
113.983092,22.589765,550.0,1545608331859
113.98453149625124,22.59073600880884,4.7,1545608331970
113.98455882531489,22.59073845111844,4.7,1545608334966
113.984587549935,22.59074574201827,4.7,1545608338021
113.98461458848712,22.590750648825168,4.7,1545608340979
113.98464514023775,22.590754893597218,4.7,1545608343980
113.98464514023775,22.590754893597218,4.7,1545608344234
113.983092,22.589765,550.0,1545608347504
113.98473933527133,22.59076298769542,4.7,1545608347994
113.98476872244039,22.59076862937245,7.175458,1545608350981
113.98479495635252,22.5907763203005,5.796256,1545608353986
113.98483319251935,22.59076847965463,6.16194,1545608356971
113.98484874592621,22.59076754001227,5.5732,1545608358687
113.983088,22.589765,550.0,1545608361777
113.98498519754041,22.59075986840494,4.7,1545608361976
113.98502357918949,22.59076971945903,4.7,1545608364967
113.98505929120272,22.590772718055312,4.7,1545608367972
113.98509113509292,22.59077466346714,4.7,1545608371013
113.98512335989486,22.590776599985105,4.7,1545608373982
113.98512335989486,22.590776599985105,4.7,1545608374201
113.983088,22.589765,550.0,1545608377361
113.98521190083419,22.59077448836377,4.7,1545608378020
113.98523883700852,22.59077188923275,4.7,1545608381002
113.98527335830272,22.59077400043083,4.7,1545608384025
113.9853141159873,22.590770879886804,5.464542,1545608387033
113.98535790072172,22.590765990833297,5.135797,1545608389970
113.9854010974911,22.59076783894836,5.073791,1545608392970
113.98544769721832,22.590768178671706,4.7,1545608395999
113.98551476288824,22.590763219517946,4.7,1545608398975
113.98557280404593,22.590770138978353,5.077856,1545608401984
113.98560582380227,22.59076887363397,4.7,1545608404145
113.983082,22.589765,550.0,1545608407801
113.98566004175908,22.590771021611417,4.7,1545608408029
113.98568433421627,22.590773900746957,4.7,1545608411038
113.98572106995313,22.59077528546199,4.7,1545608414029
113.98576612924847,22.59077480289167,4.7,1545608416990
113.98579636047305,22.590772558511397,5.273702,1545608419608
113.983092,22.589765,550.0,1545608422701
113.98588797890626,22.590774265148383,4.7,1545608422972
113.98591588083755,22.59077461044219,4.7,1545608425971
113.98595218545375,22.59077175352986,4.7,1545608428970
113.98599675410144,22.590777189433485,4.7,1545608431987
113.98602430550082,22.59078183729191,4.7,1545608434063
113.983092,22.589765,550.0,1545608437376
113.98612006739305,22.590788977847485,4.7,1545608437989
113.98614735895617,22.590788793418188,4.7,1545608440991
113.98619196873702,22.59079236434551,4.7,1545608443983
113.98624057033501,22.59080174051579,4.7,1545608447003
113.98626643601074,22.59080915395776,4.7,1545608449530
113.983092,22.589765,550.0,1545608452835
113.98636563352302,22.590835474121565,4.7,1545608452973
113.98640122474629,22.59085059860342,4.7,1545608455971
113.98643577025435,22.590861254541014,4.7,1545608458970
113.98646879767162,22.590880456164285,4.7,1545608461968
113.98648006976194,22.59088668844712,4.7,1545608463970
113.983092,22.589765,550.0,1545608467057
113.98656433942514,22.59091711134794,4.7,1545608467990
113.98658078100671,22.590926925007864,5.689848,1545608470990
113.98660323974939,22.59093454877388,4.7,1545608473988
113.98662911864031,22.590942531466215,5.684246,1545608476983
113.98664921067453,22.590948303187467,5.350416,1545608479501
113.983097,22.589765,550.0,1545608482784
113.98671964282686,22.590981064617758,5.664323,1545608482975
113.9867521819815,22.59099586643345,4.7,1545608485971
113.98679157674809,22.591015934721234,4.7,1545608488970
113.98683923644904,22.59104055747948,4.7,1545608491968
113.98685379560085,22.591049920711345,4.7,1545608493948
113.983097,22.589765,550.0,1545608497040
113.98695003431483,22.591116521141327,4.7,1545608497988
113.98697358851322,22.591136656737046,4.7,1545608500984
113.98698935414949,22.591156174736174,4.7,1545608503988
113.98700944429515,22.59117940570574,4.7,1545608506975
113.98702797824063,22.591193883103585,5.177239,1545608509444
113.983097,22.589765,550.0,1545608512866
113.9870867525643,22.59125301244015,4.7,1545608513007
113.98709356199984,22.591274277762498,4.7,1545608516000
113.98709356199984,22.591274277762498,4.9,1545608518972
113.98709356199984,22.591274277762498,4.7,1545608521999
113.98709356199984,22.591274277762498,4.7,1545608523874
113.983097,22.589765,550.0,1545608526968
113.98712500441681,22.59137071463529,4.7,1545608527000
113.98713844064108,22.591391969145626,4.7,1545608529997
113.9871649856755,22.591388418554164,5.60452,1545608532996
113.98720652163891,22.591370823651328,5.5347,1545608535990
113.9872268834484,22.591358294073636,6.646981,1545608538986
113.9872268834484,22.591358294073636,6.646981,1545608539356
113.986675,22.590616,550.0,1545608542555
113.98724421894251,22.59134388550576,4.9,1545608543001
113.98725259740279,22.59133495767351,11.830956,1545608545989
113.9872733360927,22.59133929027706,10.446943,1545608548999
113.98731024735922,22.59136113189582,8.355567,1545608551976
113.98732676463284,22.591376506644885,8.06459,1545608553803
113.986675,22.590616,550.0,1545608556887
113.9873935202196,22.591452162417347,11.24646,1545608556969
113.98741700966744,22.591476516504773,10.730716,1545608560010
113.9874205618647,22.591506499498085,7.160297,1545608562989
113.98743996435924,22.591544649449297,4.7,1545608565990
113.98745664158089,22.59156931984305,5.728296,1545608569013
113.98745664158089,22.59156931984305,5.728296,1545608569311
113.986675,22.590616,550.0,1545608572624
113.98750128456852,22.591646184777872,8.133224,1545608573024
113.98752416955068,22.59166947702294,8.159141,1545608575998
113.98755715071148,22.59169375468344,8.420763,1545608579007
113.98758923527856,22.591727299904043,9.494168,1545608581972
113.98760319416301,22.591736626555324,9.579576,1545608583761
113.986673,22.590616,550.0,1545608586945
113.987689876483,22.59180913607131,12.257351,1545608586968
113.98771886325368,22.591834768384842,12.950711,1545608589973
113.9877332050616,22.59186118328883,13.7009,1545608593036
113.98775903627822,22.591886359402707,14.728024,1545608595991
113.9877928112762,22.59190752209858,17.37336,1545608599023
113.9877928112762,22.59190752209858,17.37336,1545608599237
113.986673,22.590616,550.0,1545608602328
113.98784914900104,22.59197613822553,17.3176,1545608602995
113.98786529480216,22.591996417640715,14.680981,1545608606006
113.98787132642457,22.592017112727664,16.137917,1545608608993
113.98789885801195,22.59204659737077,15.917433,1545608612016
113.98791003731347,22.59205602902269,14.869758,1545608613672
113.986673,22.590616,550.0,1545608616876
113.98796896973778,22.592113969471196,10.140319,1545608617005
113.98798079876619,22.592126175367483,10.510622,1545608619970
113.98800234620825,22.59214073080784,9.884192,1545608622969
113.9880184090138,22.59216391038011,10.788276,1545608625985
113.98803558912927,22.592180631403355,11.699113,1545608629002
113.98803558912927,22.592180631403355,11.699113,1545608629174
113.986673,22.590616,550.0,1545608632254
113.98809626945896,22.592249145359684,11.268661,1545608632994
113.98811273542495,22.59227531950048,11.347425,1545608635981
113.98812752675792,22.592308065591624,11.691238,1545608638999
113.98816227157012,22.592334529951344,11.204282,1545608642022
113.98819914257857,22.592362383687732,12.319004,1545608644970
113.98822856592051,22.592393328154504,12.389801,1545608647970
113.98825222728728,22.592421390505802,16.221474,1545608650968
113.98826219784213,22.592432474903987,4.9,1545608653967
113.98827833108943,22.592441912036467,24.167393,1545608657008
113.98829220762237,22.592446064945726,19.229565,1545608659121
113.986673,22.590616,550.0,1545608662297
113.98843648431418,22.59250455134842,12.887863,1545608662998
113.98846339416293,22.592543207553486,11.153531,1545608666006
113.98849503311749,22.592594659143803,9.890083,1545608668999
113.98853597796304,22.592637667816916,9.118961,1545608672002
113.98856113905866,22.592666063687584,7.868506,1545608674576
113.986673,22.590616,550.0,1545608677800
113.98862862580874,22.59274489624898,7.540926,1545608677972
113.9886507530556,22.592763067031846,7.757771,1545608680999
113.98866782191133,22.5927771745639,6.587151,1545608683968
113.98869541016633,22.592792921982422,6.227985,1545608686973
113.98871923812595,22.592804132877102,6.969253,1545608689047
113.986673,22.590616,550.0,1545608692129
113.98880582215757,22.592833634148985,6.818948,1545608692991
113.98883045240177,22.592850352108304,6.916914,1545608695983
113.98883045240177,22.592850352108304,6.806504,1545608699027
113.98889634654589,22.59287641468226,7.185278,1545608701988
113.98891717412761,22.592883803404465,6.79604,1545608704514
113.986673,22.590616,550.0,1545608707705
113.98899018759509,22.592911438040712,7.057765,1545608708012
113.98901325571178,22.59292071856887,6.276503,1545608710974
113.98903671201354,22.592934216765325,5.881751,1545608713971
113.98906978310463,22.592940847197003,5.176765,1545608716999
113.989087068246,22.592949093724894,6.041611,1545608718948
113.98915635450514,22.592987319957412,6.996777,1545608722016
113.98915635450514,22.592987319957412,6.996777,1545608722133
113.98916776224733,22.593008732975655,6.767351,1545608724990
113.98916776224733,22.593008732975655,7.195456,1545608727985
113.98923202175891,22.593052248250135,6.835257,1545608730983
113.98926274770236,22.59306623583074,7.817441,1545608734021
113.98926274770236,22.59306623583074,7.817441,1545608734410
113.989507,22.592282,550.0,1545608737496
113.98931553032551,22.59310509203876,9.897604,1545608737999
113.98933197945824,22.593112485071053,14.149046,1545608740973
113.98935363884284,22.59311410562309,18.58505,1545608743972
113.98939069402066,22.59310891236477,25.892351,1545608746997
113.98940331893807,22.59309895105084,30.134453,1545608748880
113.98956421145354,22.59306010404985,36.774914,1545608751972
113.98956421145354,22.59306010404985,36.774914,1545608752051
113.98964332775304,22.593025478374642,41.390717,1545608754986
113.98968026664785,22.593000313412453,33.016,1545608757982
113.98970158036691,22.593003133197048,21.96959,1545608760997
113.98974643357073,22.593032493273316,14.001431,1545608763986
113.98974643357073,22.593032493273316,14.001431,1545608764342
113.989507,22.592282,550.0,1545608767425
113.98988243165607,22.5931524478693,11.28806,1545608767984
113.98991204228156,22.59316842368224,10.488821,1545608771008
113.98992336162434,22.59318457989568,11.229876,1545608773971
113.98995774905798,22.593204396213476,7.794533,1545608777001
113.9899789319046,22.59321359548811,7.916366,1545608778782
113.989506,22.592282,550.0,1545608781966
113.99007328034634,22.59322749298521,6.991014,1545608781970
113.99010490379696,22.593223808309148,7.357761,1545608784997
113.99013877515162,22.593227790203606,8.057841,1545608787988
113.99016828370759,22.593227721798876,8.527047,1545608790990
113.99019779728795,22.593227669421445,7.106863,1545608793997
113.99019779728795,22.593227669421445,7.106863,1545608794256
113.989506,22.592282,550.0,1545608797445
113.99030029958233,22.59322060048437,8.527353,1545608797988
113.9903364473724,22.593221520760768,7.66545,1545608800993
113.99037800981499,22.593230966027715,6.451162,1545608804009
113.99041866482798,22.59323609210758,7.131845,1545608806970
113.99043139077146,22.593236753581074,7.493345,1545608808738
113.989506,22.592282,550.0,1545608811926
113.99052310147802,22.593235400926662,6.889173,1545608811974
113.99055920005897,22.593232977734925,9.66344,1545608814968
113.99059453134673,22.593240226515697,8.602905,1545608817990
113.99063409399274,22.59324844087499,9.305701,1545608820984
113.99067751789073,22.59325391926582,9.624825,1545608823984
113.99067751789073,22.59325391926582,9.624825,1545608824218
113.989506,22.592282,550.0,1545608827298
113.99079201308285,22.5932310912225,11.755939,1545608827985
113.99082067457003,22.593226637003628,12.390609,1545608831008
113.99084181518732,22.593212160403063,10.792661,1545608833999
113.9908711548444,22.59319902610861,11.107635,1545608836974
113.99088331743961,22.59319883288421,11.609306,1545608838667
113.989951,22.592208,550.0,1545608841856
113.99096461191138,22.593190774202764,10.181849,1545608841974
113.99099066822343,22.59318822060783,10.519515,1545608844971
113.99101863325657,22.593186768780075,9.771631,1545608847967
113.99106076896368,22.59318774300456,11.509466,1545608850988
113.99110006718902,22.593178469605444,10.532491,1545608853984
113.99110006718902,22.593178469605444,10.532491,1545608854174
113.989951,22.592208,550.0,1545608857366
113.9911946295315,22.5931583727169,10.061871,1545608857998
113.99122414451044,22.593158611734193,11.109991,1545608860987
113.99125883150805,22.593165719868036,12.240318,1545608863997
113.99130609373034,22.59316473007532,10.976694,1545608866974
113.99134233008105,22.593163808803332,10.658999,1545608869662
113.989951,22.592208,550.0,1545608872739
113.99146036582722,22.593192935586167,11.094764,1545608872972
113.991493159461,22.5932028525777,10.870377,1545608876000
113.99152086662885,22.59321176944705,13.373789,1545608878968
113.99153365738354,22.59322080532268,17.596544,1545608882016
113.9915362237987,22.59322337521807,4.9,1545608884095
113.989505,22.592282,550.0,1545608887401
113.9915480238437,22.593227320533998,4.9,1545608887985
113.9915480238437,22.593227320533998,4.9,1545608890981
113.99154794173957,22.593228998502138,4.9,1545608893978
113.99158724413596,22.59323595036382,64.6312,1545608897028
113.9916062005235,22.593237336488105,52.310883,1545608899563
113.989505,22.592282,550.0,1545608902669
113.9918243502755,22.593229326642238,26.714296,1545608902970
113.99183042164766,22.593273269089288,15.728965,1545608905976
113.9918666359372,22.593337971196405,13.465716,1545608908970
113.99190879807992,22.593407667525394,11.791376,1545608911970
113.9919255909084,22.593438015961528,9.360817,1545608914033
113.989505,22.592282,550.0,1545608917714
113.99196314306354,22.593529733470294,8.930838,1545608917994
113.99197725557819,22.593564175513688,9.603263,1545608921014
113.99199342679192,22.59359266889709,7.935569,1545608923977
113.99200806661156,22.59362727552713,7.686166,1545608926992
113.99201721830575,22.593649796415445,7.465065,1545608929504
113.983008,22.589765,550.0,1545608932698
113.99203941642935,22.59371569533849,9.020979,1545608933010
113.9920520868073,22.593739371780668,7.991137,1545608935973
113.99206764285917,22.59375620989495,7.798397,1545608938973
113.9920916809652,22.593777972712942,8.846167,1545608941970
113.99209909054812,22.59378562658743,9.157534,1545608943951
113.983008,22.589765,550.0,1545608947262
113.9921953377874,22.59384673494133,8.359939,1545608947986
113.9922254862568,22.59385732546014,8.852221,1545608950990
113.99226027324102,22.593870322015768,7.849504,1545608953981
113.99230746068395,22.593884235393652,4.7,1545608956995
113.99234536160205,22.593901907785348,4.7,1545608959484
113.983008,22.589765,550.0,1545608962583
113.99244823739247,22.593946134887045,4.7,1545608963032
113.99247704093492,22.593961727135795,4.7,1545608965973
113.99250737816966,22.5939759397606,4.7,1545608968974
113.99253950666149,22.593987578374684,6.867323,1545608972002
113.99255060927396,22.593994036071766,7.362762,1545608973934
113.983008,22.589765,550.0,1545608977129
113.99266190645943,22.594046801424174,9.018901,1545608977996
113.99268936881583,22.594063084850912,4.7,1545608980995
113.99272029955843,22.59409436045952,4.7,1545608983991
113.99275397120658,22.594111087361654,4.7,1545608987012
113.99277882465124,22.59411812791315,4.7,1545608989465
113.983008,22.589765,550.0,1545608992671
113.99285959078642,22.594148198135745,4.7,1545608993018
113.99288818397785,22.594164446967465,4.7,1545608995971
113.99288818397785,22.594164446967465,4.7,1545608998991
113.99295460405774,22.594196509984968,4.7,1545609001973
113.99296402235929,22.59419913524945,4.7,1545609003697
113.983008,22.589765,550.0,1545609006924
113.99301263915702,22.594221413268304,6.029214,1545609006983
113.99301716414435,22.59421901238665,4.7,1545609010004
113.99301716414435,22.59421901238665,5.204788,1545609012972
113.9930816692206,22.59424438896205,5.23634,1545609015969
113.99311452888263,22.594259065318628,6.023364,1545609018867
113.983008,22.589765,550.0,1545609021940
113.99321024029258,22.594292874646367,4.7,1545609021970
113.99324833963418,22.594303038026993,4.7,1545609025006
113.99327950738024,22.594321050837525,4.7,1545609028016
113.99331296513466,22.594345345253537,4.7,1545609031003
113.99334000145465,22.594375971415776,5.140508,1545609033986
113.99334000145465,22.594375971415776,5.140508,1545609034283
113.992009,22.592766,550.0,1545609037466
113.9933754285569,22.59446077837938,4.7,1545609037998
113.99340165815987,22.5944783955146,4.7,1545609040999
113.99343842450983,22.594492331486826,4.7,1545609044006
113.99348013500834,22.59450549106128,5.609483,1545609046973
113.99349336276431,22.59450843873287,4.7,1545609048721
113.992009,22.592766,550.0,1545609051813
113.99353985026019,22.59452514197315,4.7,1545609051974
113.99355792843232,22.59453602107247,4.7,1545609054971
113.9935728730517,22.594549792230573,6.90918,1545609057987
113.99360221218927,22.594564249256322,4.7,1545609060972
113.99363739191806,22.59458193606023,5.038522,1545609063991
113.99363739191806,22.59458193606023,5.038522,1545609064179
113.992009,22.592766,550.0,1545609067365
113.99374536776006,22.59462756484326,6.632266,1545609067994
113.99377814984524,22.594631681840493,7.11958,1545609070986
113.99380049121591,22.5946362988627,4.7,1545609073980
113.99384194632968,22.594633710818467,4.7,1545609077003
113.99386836369575,22.594619623599375,4.7,1545609079577
113.995364,22.596384,550.0,1545609082814
113.99391584146258,22.59459552176258,4.7,1545609083005
113.99391584146258,22.59459552176258,4.7,1545609085999
113.99391584146258,22.59459552176258,4.7,1545609088983
113.99391584146258,22.59459552176258,4.9,1545609091987
113.99391584146258,22.59459552176258,4.7,1545609094585
113.995364,22.596384,550.0,1545609097694
113.99393880321148,22.594527370413406,4.7,1545609097972
113.99394626890341,22.594514611003795,4.7,1545609101001
113.99395260131959,22.59449351416468,5.0898,1545609103971
113.9939705397808,22.594461951528906,4.7,1545609106972
113.99397730694243,22.59445252546712,4.7,1545609108914
113.99400364018011,22.594387026511324,5.703598,1545609111999
113.99400364018011,22.594387026511324,5.703598,1545609112356
113.99402082409685,22.594360848325348,5.714401,1545609114991
113.99403911372791,22.59433434939274,5.825777,1545609117988
113.99406009599583,22.59430759344497,6.903706,1545609121002
113.99410045716839,22.59429902648571,6.557389,1545609123991
113.99410045716839,22.59429902648571,6.557389,1545609124405
113.995364,22.596384,550.0,1545609127491
113.9942039156966,22.594298750439307,7.272091,1545609128003
113.99423810907932,22.594297050035976,5.892239,1545609130974
113.99427420592158,22.594290909748906,5.92374,1545609133971
113.99431207593517,22.59428088426221,5.80319,1545609137000
113.99432658539908,22.594273968601126,5.958645,1545609138848
113.99442080903883,22.594268916642136,5.704626,1545609141972
113.99442080903883,22.594268916642136,5.704626,1545609142275
113.99445934606817,22.59426436288477,5.743824,1545609145006
113.99449858656426,22.594254820604714,7.097082,1545609147995
113.99453720644392,22.59424361827819,7.511233,1545609151025
113.99456323915359,22.59423164735031,9.573599,1545609153985
113.99456323915359,22.59423164735031,9.573599,1545609154304
113.996048,22.596451,550.0,1545609157389
113.99462432316943,22.594194880773422,15.760439,1545609157996
113.99463348981348,22.594176820813974,15.125867,1545609160999
113.99465071092851,22.594168128053315,13.537366,1545609164010
113.99469728147935,22.59415587335102,10.402649,1545609166973
113.99471037922076,22.594144095914572,9.156608,1545609168764
113.996048,22.596451,550.0,1545609171965
113.99480110597575,22.594042393614497,8.229885,1545609171970
113.9948228538665,22.594008320174265,8.809132,1545609174971
113.99484073175599,22.593984301465778,9.193399,1545609178014
113.99486324278712,22.593954450844976,7.030426,1545609180998
113.9948840101549,22.59393591845678,13.553116,1545609184019
113.9948840101549,22.59393591845678,13.553116,1545609184219
113.996048,22.596451,550.0,1545609187299
113.99493313960821,22.593879603922574,19.950764,1545609187985
113.99494624352445,22.593852731629866,31.23852,1545609191023
113.99497711810434,22.593836915760477,57.07063,1545609193992
113.99502215080955,22.593821703227633,63.06458,1545609196973
113.99502998469025,22.59381245944127,69.30779,1545609198663
113.99516332978935,22.59364881585254,95.8071,1545609202004
113.99522466536436,22.5936052925075,79.951965,1545609205002
113.99533843289748,22.593594309888832,43.45951,1545609207998
113.99539429019396,22.59357204694143,25.46148,1545609210989
113.99540635321875,22.593556293996883,14.384673,1545609213989
113.99540635321875,22.593556293996883,14.384673,1545609214159
113.995239,22.594403,550.0,1545609217509
113.99543039235185,22.59358209506125,4.7,1545609217995
113.9954382947189,22.593595267328563,6.253151,1545609220998
113.9954382947189,22.593595267328563,4.7,1545609223975
113.9954382947189,22.593595267328563,4.7,1545609227019
113.9954382947189,22.593595267328563,4.9,1545609229333
113.995239,22.594403,550.0,1545609232447
113.99542438231188,22.593614673205376,4.7,1545609232984
113.9954515834242,22.593607934626306,4.7,1545609235994
113.9954515834242,22.593607934626306,4.7,1545609239026
113.99550059284768,22.593604291608482,4.7,1545609241990
113.99551340857086,22.5936027867157,4.7,1545609243792
113.995239,22.594403,550.0,1545609246985
113.99561268011304,22.59358705842808,4.7,1545609247001
113.99565109720011,22.593581717593196,4.7,1545609249986
113.99568772306507,22.593580105883763,4.7,1545609253000
113.99572742779817,22.593582138848824,4.7,1545609255991
113.99577199576063,22.593586520663855,4.7,1545609258984
113.99577199576063,22.593586520663855,4.7,1545609259025
113.995239,22.594403,550.0,1545609262094
113.99588003906509,22.593601290647666,4.7,1545609262996
113.9959108889306,22.59360469335472,4.7,1545609265987
113.99594642096409,22.59359978903055,4.7,1545609268984
113.99599138252894,22.59359627010239,4.7,1545609272034
113.99602178121434,22.593598184297655,4.7,1545609274448
113.995239,22.594403,550.0,1545609277695
113.99611547046308,22.59358564408536,4.7,1545609278036
113.99614979440871,22.59357830189227,4.7,1545609280978
113.99619648862745,22.593579513813186,4.7,1545609283992
113.99624021930703,22.59357754747786,6.706858,1545609287010
113.99625349630865,22.59357699715736,4.7,1545609288768
113.99634117893612,22.593567236465695,4.7,1545609291999
113.99634117893612,22.593567236465695,4.7,1545609292035
113.99637337836843,22.59355494134323,5.030065,1545609294988
113.9964084126118,22.593538243164637,6.092954,1545609298000
113.9964435911464,22.59352020325854,4.7,1545609300971
113.99646617360632,22.593506973235908,4.7,1545609303957
113.995239,22.594403,550.0,1545609307161
113.99655266557184,22.593465273095116,4.7,1545609307990
113.99657863431074,22.593449038858854,4.7,1545609310985
113.99661188171629,22.59342467841613,4.7,1545609313989
113.9966434133466,22.59339146372826,4.7,1545609317014
113.99666144188278,22.59336758375497,4.7,1545609319461
113.995239,22.594403,550.0,1545609322535
113.9967325881273,22.59329792723482,4.7,1545609323010
113.99675811953597,22.59327692012444,4.7,1545609325973
113.99678636969564,22.59325541210583,4.7,1545609328972
113.99681310774218,22.593227813796602,4.7,1545609331973
113.99682259185661,22.59321873508966,4.7,1545609333908
113.99688315189368,22.593150798135266,4.7,1545609337001
113.99688315189368,22.593150798135266,4.7,1545609337260
113.99690358438396,22.59312570825474,4.7,1545609340004
113.9969275354853,22.593097770571735,4.7,1545609342989
113.99695650419281,22.59307143514037,4.7,1545609346002
113.99698623086637,22.593046320141234,4.7,1545609348994
113.99698623086637,22.593046320141234,4.7,1545609349412
113.995239,22.594403,550.0,1545609352785
113.9970625363575,22.592980407746676,4.7,1545609353008
113.99709048895167,22.592960915152645,4.7,1545609355976
113.99709048895167,22.592960915152645,4.7,1545609358973
113.99715185117627,22.592911626064236,4.7,1545609361973
113.99716056335656,22.592902009999058,4.7,1545609363844
113.995239,22.594403,550.0,1545609366933
113.99722321837162,22.59282726564155,4.7,1545609366977
113.9972455295279,22.59280096230211,4.7,1545609370025
113.99726863496775,22.592779840996993,4.7,1545609373002
113.99728266142559,22.59275300273763,4.7,1545609375989
113.99729311765566,22.592720614074036,4.7,1545609378989
113.99729311765566,22.592720614074036,4.7,1545609379328
113.997682,22.593817,550.0,1545609382671
113.99733697752602,22.592658211916437,4.7,1545609383026
113.99735135298693,22.592633555986666,4.7,1545609385989
113.99736847280707,22.592600346229865,5.577175,1545609389006
113.99738405700387,22.592570749317183,7.997503,1545609392003
113.99739092961761,22.592561337772935,7.682799,1545609393767
113.997682,22.593817,550.0,1545609396855
113.99743949241471,22.592466911786204,8.038364,1545609397003
113.99746249589779,22.5924330676292,6.734718,1545609399970
113.99749158371603,22.592401657045453,7.115333,1545609403024
113.9975289918691,22.592379851642857,5.758883,1545609405990
113.99757221157319,22.592358536760308,7.511362,1545609408990
113.99757221157319,22.592358536760308,7.511362,1545609409244
113.997682,22.593817,550.0,1545609412564
113.99766178912543,22.592303199876724,7.034346,1545609412993
113.99770072792445,22.592277585639717,7.196186,1545609416027
113.9977280842875,22.592260526685862,7.273101,1545609419026
113.99774655629963,22.592258103868172,8.449338,1545609421974
113.99775458316914,22.592254872577335,10.002957,1545609423660
113.997682,22.593817,550.0,1545609426742
113.99783543239376,22.592223536556084,10.819671,1545609427005
113.9978681708183,22.592216678061245,10.289559,1545609429969
113.99790122012418,22.592211515717363,6.961971,1545609432971
113.99794657500557,22.592203017942136,7.3802,1545609435983
113.99798287660683,22.592200437707287,8.300583,1545609438986
113.99798287660683,22.592200437707287,8.300583,1545609439175
113.997318,22.594104,550.0,1545609442505
113.99809308899935,22.592197396561794,8.368608,1545609443005
113.99812680816916,22.592194719582906,8.770391,1545609445994
113.998170041358,22.592178431521766,12.272322,1545609448996
113.99821490038835,22.592175409005236,16.12828,1545609452007
113.99824266497163,22.59217767976055,16.465988,1545609454635
113.997318,22.594104,550.0,1545609457716
113.99838774262231,22.5922066565984,18.11906,1545609457975
113.9984201994583,22.59221729753118,16.058054,1545609461001
113.99844045521192,22.59223571973897,16.629528,1545609463970
113.99848876903089,22.592251291989214,11.482065,1545609467016
113.99850384120414,22.592259058289766,11.21794,1545609469095
113.997318,22.594104,550.0,1545609472286
113.99860370648646,22.592298720635224,11.369111,1545609473030
113.99863255865816,22.592314941454685,13.500038,1545609475999
113.99865144784512,22.592330421210256,9.864734,1545609478988
113.99866827153808,22.59235764521294,11.914427,1545609481997
113.9986786838198,22.592378648153137,12.282928,1545609484560
113.997574,22.593952,550.0,1545609487747
113.99874456310793,22.592453521700914,12.556591,1545609487973
113.99877881147873,22.59246385605146,15.568504,1545609490975
113.99877881147873,22.59246385605146,11.417963,1545609493972
113.99884393891385,22.59246913971553,10.989318,1545609496970
113.99888049483448,22.592475140489896,18.25359,1545609499007
113.997574,22.593952,550.0,1545609502105
113.99901085946934,22.592492582092405,11.824569,1545609502989
113.99905795674641,22.592496959433145,11.301542,1545609505986
113.99909234065599,22.59250975655271,11.833809,1545609508999
113.99914216773746,22.592530498169708,10.158496,1545609512005
113.99916556628874,22.592546137576832,10.349423,1545609514439
113.99926796632431,22.59258654599637,10.601719,1545609518001
113.99926796632431,22.59258654599637,10.601719,1545609518074
113.9993062969637,22.592595816600127,11.071529,1545609520972
113.99934741574899,22.59260764192766,9.087708,1545609523974
113.99938933923718,22.592631217151684,8.344999,1545609526975
113.99940195130877,22.5926389081032,6.739314,1545609528897
113.99945861083648,22.592646311717655,7.733726,1545609531975
113.99945861083648,22.592646311717655,7.733726,1545609531989
113.9994945429213,22.59264560788596,6.790618,1545609535051
113.99953367624562,22.59266579831038,8.088879,1545609538000
113.99955609215301,22.59269490948189,5.438192,1545609540996
113.99959151700119,22.59272927251151,6.969699,1545609543987
113.99959151700119,22.59272927251151,6.969699,1545609544351
113.995327,22.59448,550.0,1545609547640
113.99966010438345,22.59280397852065,7.427169,1545609548043
113.99969698272062,22.592817923401928,7.767183,1545609551016
113.99972480425998,22.59283053282615,8.377489,1545609553974
113.99975843569342,22.592848532438374,8.208095,1545609556977
113.99977256054689,22.592855583892533,8.138592,1545609558823
113.99988683325945,22.59290599564914,7.704981,1545609561980
113.99988683325945,22.59290599564914,7.704981,1545609562172
113.9999222498421,22.592917798893552,7.20757,1545609565004
113.99995586672743,22.592926391316148,6.884681,1545609568008
113.99997547785391,22.592941901381057,7.39465,1545609570996
113.9999808434796,22.592944594895023,9.994578,1545609573970
113.995327,22.59448,550.0,1545609577129
114.0000428190071,22.592960686770258,18.26742,1545609578010
114.0000882713017,22.592963599188263,9.523144,1545609580995
114.00013705447333,22.59295789158143,9.156968,1545609584019
114.00018120477021,22.592965211641257,5.782625,1545609587047
114.00023046281005,22.592970900909826,6.337751,1545609589983
114.00027761810273,22.592985695984513,5.135681,1545609592978
114.00032256224087,22.593007275247135,5.896156,1545609595981
114.00035493817337,22.593017730214296,8.568871,1545609599011
114.00037862876833,22.593019118851224,8.174901,1545609601995
114.00040074468815,22.59302534634545,8.249907,1545609604247
113.998488,22.591812,550.0,1545609607415
114.00051248415839,22.59307258435958,8.597313,1545609608017
114.0005434574126,22.593097308905087,10.645181,1545609611005
114.00056115837022,22.593122946523092,13.883082,1545609614042
114.00058688670357,22.593152081802423,5.990119,1545609616975
114.00059805451738,22.59316507412746,7.127232,1545609618713
113.998882,22.594267,550.0,1545609621793
114.00069179227316,22.593289511586185,9.095407,1545609622005
114.00070107451558,22.593322703761935,7.724319,1545609624970
114.00069056379432,22.5933521687413,7.914343,1545609627970
114.00069385505641,22.59338671301015,4.7,1545609630994
114.00072138029095,22.593439657724712,4.7,1545609634006
114.00072138029095,22.593439657724712,4.7,1545609634162
113.998882,22.594267,550.0,1545609637352
114.00078386829503,22.59354259524765,5.415691,1545609638033
114.00081593409936,22.59358071081947,7.244415,1545609641000
114.0008204474482,22.593615478816105,7.298107,1545609643986
114.00084345515417,22.59364785933369,4.7,1545609647009
114.0008628457481,22.593679888892588,4.7,1545609649640
113.998882,22.594267,550.0,1545609652728
114.0008890987883,22.593767326148814,6.868645,1545609652976
114.00090194765096,22.593794373341385,7.16835,1545609655972
114.00090933447986,22.59381618838863,6.600677,1545609658970
114.00093799847589,22.59383226193832,5.395907,1545609662002
114.00096129444756,22.593839140127105,4.7,1545609664087
113.998882,22.594267,550.0,1545609667254
114.00104066047224,22.593846989705302,6.569391,1545609668002
114.00107983300684,22.593864765208185,6.518239,1545609670990
114.00110815669792,22.59389010491666,6.919809,1545609673982
114.00113648889177,22.593923753702928,5.002719,1545609676981
114.0011559922249,22.593945984394626,7.173026,1545609679345
113.999469,22.592219,550.0,1545609682867
114.00121713337896,22.594004497391985,7.009263,1545609682989
114.00124947713786,22.59402883912985,5.184855,1545609685979
114.00128027245742,22.594061033188346,4.7,1545609688997
114.00130159689061,22.594092109510065,4.7,1545609691990
114.0013054141548,22.59410359148895,4.7,1545609693964
113.999469,22.592219,550.0,1545609697240
114.00134955236433,22.59417600893788,4.7,1545609698002
114.00136884806348,22.59419606374687,5.674258,1545609700989
114.00139351171342,22.59422383374532,5.904791,1545609703997
114.00142432200855,22.59425470070209,4.7,1545609706988
